00003.ppm;742;443;765;466;4
00004.ppm;906;407;955;459;2
00006.ppm;926;350;989;414;2
00008.ppm;785;460;811;486;2
00009.ppm;925;466;949;490;4
00011.ppm;720;338;770;398;1
00012.ppm;979;364;1034;418;1
00013.ppm;1043;281;1120;356;2
00018.ppm;950;455;981;486;4
00019.ppm;845;423;888;465;2
00023.ppm;998;292;1074;371;1
00026.ppm;453;411;492;451;1
00027.ppm;969;386;1024;441;2
00027.ppm;102;375;157;430;2
00028.ppm;391;468;417;494;35
00032.ppm;683;469;703;493;33
00036.ppm;1138;424;1163;450;35
00039.ppm;953;252;1015;313;35
00040.ppm;1040;310;1130;400;33
00043.ppm;110;444;143;480;35
00050.ppm;946;373;967;400;34
00053.ppm;766;438;799;471;35
00054.ppm;1117;473;1146;502;0
00056.ppm;729;436;760;467;1
00057.ppm;990;418;1036;467;1
00060.ppm;819;441;842;464;2
00061.ppm;1224;333;1285;394;2
00064.ppm;786;447;808;470;2
00069.ppm;817;459;838;480;2
00071.ppm;794;474;822;502;1
00072.ppm;836;456;858;478;4
00073.ppm;727;457;748;477;2
00073.ppm;430;453;452;475;2
00074.ppm;439;401;488;452;14
00074.ppm;929;378;981;431;14
00075.ppm;1131;409;1179;456;4
00076.ppm;789;471;815;495;2
00085.ppm;846;429;875;458;1
00088.ppm;412;440;436;464;8
00088.ppm;956;440;981;464;8
00089.ppm;1025;438;1054;468;5
00089.ppm;634;447;660;474;5
00092.ppm;423;449;444;470;35
00093.ppm;344;397;379;436;1
00093.ppm;1076;339;1119;389;1
00095.ppm;698;461;719;481;1
00101.ppm;835;406;891;461;5
00102.ppm;945;374;984;415;34
00107.ppm;490;536;529;576;1
00109.ppm;990;484;1020;513;3
00111.ppm;1091;465;1123;497;3
00111.ppm;350;503;382;535;3
00112.ppm;366;473;399;508;3
00112.ppm;1186;475;1225;514;3
00114.ppm;1169;421;1231;484;3
00115.ppm;850;218;950;317;14
00116.ppm;1078;254;1136;312;35
00120.ppm;58;243;164;345;2
00121.ppm;91;308;185;416;7
00122.ppm;500;496;521;518;7
00122.ppm;883;498;904;520;7
00123.ppm;519;492;550;524;7
00123.ppm;1101;483;1133;516;7
00124.ppm;532;481;558;507;4
00124.ppm;976;470;1002;496;4
00125.ppm;1019;313;1106;401;2
00126.ppm;840;374;868;404;2
00126.ppm;379;365;411;396;2
00127.ppm;138;385;175;423;5
00127.ppm;1009;380;1046;417;5
00130.ppm;209;426;236;453;1
00130.ppm;601;431;626;456;1
00131.ppm;474;389;500;415;1
00133.ppm;505;415;522;432;35
00134.ppm;1008;299;1073;365;1
00135.ppm;718;298;777;356;1
00140.ppm;247;472;275;501;14
00141.ppm;857;379;894;416;2
00142.ppm;816;454;835;473;2
00144.ppm;708;445;727;464;4
00146.ppm;711;427;729;445;2
00149.ppm;1131;274;1221;361;4
00150.ppm;824;345;865;386;2
00151.ppm;794;372;824;401;1
00153.ppm;307;409;338;440;35
00154.ppm;692;410;717;436;35
00161.ppm;717;445;735;462;34
00165.ppm;382;412;399;431;1
00166.ppm;814;382;848;416;1
00167.ppm;369;446;392;469;2
00167.ppm;729;433;750;455;2
00169.ppm;1089;153;1212;276;2
00170.ppm;912;322;944;358;4
00171.ppm;882;335;932;385;4
00172.ppm;718;418;737;437;1
00173.ppm;1111;279;1161;329;1
00174.ppm;723;443;747;467;2
00176.ppm;850;414;875;440;2
00177.ppm;271;416;313;458;14
00177.ppm;746;423;785;462;14
00178.ppm;728;456;748;476;2
00180.ppm;968;384;1004;421;2
00181.ppm;793;299;853;359;4
00182.ppm;656;412;685;441;2
00184.ppm;790;273;850;334;1
00185.ppm;967;150;1076;257;2
00186.ppm;603;455;621;474;4
00186.ppm;325;428;345;448;4
00187.ppm;675;405;709;439;2
00187.ppm;161;393;194;428;2
00190.ppm;670;400;689;421;35
00192.ppm;314;440;334;461;1
00193.ppm;727;224;834;331;14
00196.ppm;734;370;778;416;33
00198.ppm;678;412;702;435;14
00200.ppm;840;287;915;364;14
00200.ppm;849;364;901;416;34
00202.ppm;657;319;702;365;14
00202.ppm;56;315;104;363;14
00203.ppm;758;375;784;400;0
00204.ppm;858;151;946;242;1
00204.ppm;730;260;783;316;34
00206.ppm;61;105;135;178;34
00206.ppm;1159;197;1224;261;33
00206.ppm;55;8;164;103;13
00209.ppm;1110;287;1170;348;33
00210.ppm;1017;418;1038;443;35
00212.ppm;293;427;315;450;34
00212.ppm;756;402;782;430;33
00214.ppm;1185;130;1295;236;14
00214.ppm;1214;241;1288;312;33
00216.ppm;312;442;337;467;5
00216.ppm;886;446;911;472;5
00217.ppm;971;267;1031;328;1
00218.ppm;808;437;827;456;33
00219.ppm;1089;345;1144;401;33
00220.ppm;1127;285;1168;326;1
00222.ppm;985;354;1022;390;1
00223.ppm;816;334;858;374;1
00224.ppm;923;276;977;341;1
00225.ppm;856;268;924;334;1
00226.ppm;1152;224;1220;290;1
00228.ppm;937;295;998;356;1
00229.ppm;1273;384;1305;417;1
00230.ppm;974;398;1002;426;1
00231.ppm;1146;362;1183;399;1
00234.ppm;1051;275;1115;338;1
00236.ppm;1081;274;1199;402;14
00237.ppm;822;361;854;393;14
00237.ppm;290;389;323;422;14
00238.ppm;849;443;877;471;1
00239.ppm;792;439;812;458;1
00240.ppm;847;364;879;396;1
00241.ppm;838;400;880;442;2
00243.ppm;843;447;867;470;2
00247.ppm;471;453;492;474;5
00247.ppm;856;448;877;469;5
00248.ppm;204;452;229;479;5
00248.ppm;843;429;870;456;5
00249.ppm;1212;419;1244;452;2
00250.ppm;907;446;932;471;2
00252.ppm;910;326;956;372;1
00254.ppm;1172;270;1237;336;2
00259.ppm;1202;329;1247;374;1
00260.ppm;720;266;784;330;0
00261.ppm;1150;250;1208;311;35
00263.ppm;646;417;666;437;2
00264.ppm;964;412;988;435;4
00265.ppm;805;458;827;480;1
00268.ppm;891;396;917;422;2
00270.ppm;243;335;293;386;2
00270.ppm;1237;279;1291;332;2
00271.ppm;259;369;297;408;2
00271.ppm;1090;341;1130;381;2
00274.ppm;975;395;1011;430;0
00275.ppm;1196;342;1237;384;33
00275.ppm;206;410;238;445;33
00280.ppm;1054;392;1083;422;2
00281.ppm;984;392;1017;425;2
00283.ppm;1177;114;1284;219;4
00284.ppm;993;347;1051;404;2
00285.ppm;1091;304;1146;359;14
00286.ppm;1015;360;1044;389;14
00287.ppm;1113;370;1154;411;2
00288.ppm;413;456;436;479;5
00288.ppm;983;438;1006;462;5
00290.ppm;1294;391;1326;428;5
00291.ppm;1129;384;1165;422;3
00292.ppm;982;422;1011;451;8
00292.ppm;315;447;345;476;8
00293.ppm;28;410;70;456;7
00293.ppm;1143;365;1193;415;7
00296.ppm;460;409;492;442;7
00296.ppm;1237;385;1269;417;7
00298.ppm;1238;256;1314;331;2
00300.ppm;779;420;801;443;2
00301.ppm;1075;318;1125;368;2
00303.ppm;1186;385;1215;414;2
00304.ppm;504;385;553;434;35
00309.ppm;180;388;220;431;7
00309.ppm;1159;353;1203;398;7
00311.ppm;616;424;650;458;8
00311.ppm;1295;391;1329;425;8
00312.ppm;122;267;225;379;5
00314.ppm;1213;398;1247;434;5
00314.ppm;396;451;429;485;5
00316.ppm;696;436;719;458;3
00316.ppm;995;421;1020;445;3
00317.ppm;1122;378;1166;421;32
00319.ppm;1201;403;1248;450;3
00319.ppm;569;436;612;481;3
00320.ppm;175;438;202;466;32
00320.ppm;921;403;951;434;32
00322.ppm;1166;327;1209;370;5
00322.ppm;338;406;381;449;5
00330.ppm;1050;313;1116;381;2
00333.ppm;116;414;176;477;14
00333.ppm;753;387;808;445;14
00334.ppm;760;435;797;472;2
00338.ppm;505;425;536;453;2
00338.ppm;1000;426;1029;453;2
00339.ppm;627;442;660;476;1
00340.ppm;827;543;851;567;14
00340.ppm;827;521;852;546;33
00340.ppm;827;543;851;567;14
00346.ppm;291;541;321;571;5
00346.ppm;883;542;911;570;5
00348.ppm;952;524;990;562;5
00351.ppm;511;533;538;560;5
00358.ppm;316;490;374;549;8
00359.ppm;879;559;903;583;8
00359.ppm;467;560;492;585;8
00360.ppm;1032;484;1076;528;8
00360.ppm;253;502;296;545;8
00363.ppm;407;483;450;526;8
00366.ppm;517;530;540;553;8
00366.ppm;988;550;1014;573;8
00367.ppm;1028;501;1068;541;8
00367.ppm;230;488;274;530;8
00368.ppm;382;460;431;510;8
00369.ppm;521;544;542;564;8
00369.ppm;874;532;895;551;8
00370.ppm;880;536;904;559;8
00370.ppm;440;531;467;554;8
00371.ppm;316;521;372;577;5
00372.ppm;974;486;1017;529;4
00373.ppm;164;517;195;548;4
00373.ppm;819;511;853;545;4
00377.ppm;1133;504;1172;543;8
00377.ppm;239;490;278;531;8
00378.ppm;22;242;145;362;8
00379.ppm;186;458;232;504;8
00379.ppm;1062;442;1109;489;8
00380.ppm;952;540;975;563;8
00380.ppm;551;535;575;559;8
00382.ppm;445;490;485;530;8
00382.ppm;1209;496;1248;535;8
00384.ppm;1199;416;1263;480;8
00385.ppm;977;529;1016;568;8
00385.ppm;267;531;307;571;8
00390.ppm;455;502;503;550;8
00390.ppm;1219;494;1265;541;8
00392.ppm;358;443;423;512;7
00396.ppm;192;484;238;531;7
00396.ppm;998;468;1046;516;7
00397.ppm;947;524;982;559;4
00398.ppm;771;538;795;560;4
00401.ppm;420;496;461;537;4
00401.ppm;1122;497;1163;538;4
00403.ppm;568;540;592;564;4
00403.ppm;939;532;965;559;4
00404.ppm;335;415;396;476;4
00404.ppm;1255;415;1312;472;4
00405.ppm;1255;470;1309;525;4
00405.ppm;355;444;411;499;4
00412.ppm;1002;499;1047;545;7
00413.ppm;1038;480;1084;529;3
00414.ppm;1032;421;1078;468;3
00416.ppm;813;505;851;543;3
00418.ppm;460;563;482;585;8
00419.ppm;979;489;1025;537;7
00420.ppm;828;542;851;565;3
00420.ppm;361;548;383;570;3
00425.ppm;302;503;342;543;5
00425.ppm;900;500;941;541;5
00427.ppm;294;383;388;479;5
00428.ppm;325;548;353;576;7
00428.ppm;937;543;966;572;7
00431.ppm;275;527;314;564;8
00431.ppm;1141;496;1179;536;8
00432.ppm;237;560;263;586;8
00432.ppm;942;512;970;540;8
00434.ppm;167;194;257;286;5
00436.ppm;794;531;816;553;5
00439.ppm;1194;504;1251;564;8
00441.ppm;1063;531;1112;580;8
00443.ppm;823;579;843;598;8
00443.ppm;477;578;497;596;8
00444.ppm;389;569;419;600;7
00444.ppm;972;572;1001;601;7
00445.ppm;1021;498;1066;544;5
00445.ppm;213;519;254;561;5
00456.ppm;421;414;476;470;3
00457.ppm;1243;418;1301;475;2
00457.ppm;517;466;554;504;2
00459.ppm;884;548;909;573;1
00460.ppm;831;481;862;512;33
00466.ppm;1226;440;1263;475;35
00466.ppm;519;494;543;518;34
00467.ppm;1132;501;1168;537;3
00468.ppm;1128;506;1165;544;3
00470.ppm;823;489;847;513;1
00474.ppm;1242;549;1274;581;7
00474.ppm;514;569;545;600;7
00475.ppm;1233;468;1310;543;7
00476.ppm;163;518;199;555;7
00476.ppm;1152;523;1187;558;7
00477.ppm;298;506;338;546;5
00478.ppm;921;470;963;512;5
00478.ppm;218;483;258;523;5
00480.ppm;1055;444;1103;492;2
00483.ppm;150;510;203;563;7
00483.ppm;1182;531;1232;583;7
00486.ppm;410;519;465;574;7
00494.ppm;1113;300;1211;395;1
00496.ppm;511;494;552;536;8
00500.ppm;952;499;1000;546;5
00501.ppm;943;557;962;577;4
00501.ppm;610;558;628;577;4
00512.ppm;230;486;270;522;5
00512.ppm;1139;490;1179;530;5
00513.ppm;142;501;197;556;7
00515.ppm;257;361;333;435;3
00516.ppm;240;275;298;333;34
00518.ppm;451;526;499;574;7
00519.ppm;454;531;507;584;7
00521.ppm;377;574;405;604;7
00521.ppm;946;565;976;595;7
00524.ppm;187;530;241;584;7
00524.ppm;1219;528;1271;580;7
00528.ppm;985;339;1026;380;7
00528.ppm;166;415;205;455;7
00544.ppm;744;438;762;458;1
00548.ppm;775;432;811;468;14
00552.ppm;537;512;554;529;8
00552.ppm;814;508;832;526;8
00560.ppm;1039;173;1099;233;3
00600.pmm;793;332;852;392;5
00601.ppm;1250;235;1278;266;0
00602.ppm;894;242;927;277;35
00603.ppm;1319;245;1640;566;33
00604.ppm;922;355;984;412;7
00605.ppm;1046;386;1101;440;7
00606.ppm;1092;329;1173;411;14
00607.ppm;872;356;982;462;14
00608.ppm;1148;371;1188;411;5
00609.ppm;1031;524;1084;578;1
00610.ppm;1045;501;1077;429;0
00611.ppm;1152;341;1409;580;34
00612.ppm;903;360;930;387;2
00613.ppm;654;314;748;410;8
00614.ppm;952;392;1030;472;34
00615.ppm;1100;322;1134;356;5
00616.ppm;862;341;904;385;8
00617.ppm;862;482;932;554;5
00618.ppm;1103;276;1159;334;32
00619.ppm;636;241;741;344;32
00620.ppm;935;486;1006;554;1
00621.ppm;1099;351;1140;402;33
00622.ppm;1178;456;1216;491;0
00623.ppm;1024;318;1075;361;4
00624.ppm;711;272;757;315;7
00625.ppm;927;381;1006;460;2
00626.ppm;1009;378;1050;423;3
00627.ppm;766;406;801;438;2
00628.ppm;1029;477;1116;557;33
00629.ppm;1025;343;1068;384;8
00630.ppm;1179;319;1229;365;8
00631.ppm;1012;327;1046;359;1
00632.ppm;956;94;998;137;1
00633.ppm;1087;273;1129;315;7
00634.ppm;1095;444;1127;476;7
00635.ppm;753;360;861;468;7
00636.ppm;1094;311;1138;352;7
00637.ppm;906;354;949;399;32
00638.ppm;953;327;1001;372;2
00639.ppm;1041;340;1085;381;1
00640.ppm;1108;345;1166;400;4
00641.ppm;786;390;814;418;5
00642.ppm;1118;408;1164;453;3
00643.ppm;1100;339;1162;401;35
00644.ppm;954;366;1049;459;14
00645.ppm;1011;431;1066;486;34
00646.ppm;1000;330;1038;369;5
00647.ppm;831;349;856;374;0
00648.ppm;873;239;907;275;33
00649.ppm;1170;385;1198;411;35
00650.ppm;1125;284;1167;327;7
00651.ppm;898;384;926;412;3
00652.ppm;880;344;972;439;3
00653.ppm;1029;409;1061;441;14
00654.ppm;961;304;1014;357;3
00655.ppm;1138;337;1208;406;3
00656.ppm;1081;302;1125;348;2
00657.ppm;1175;432;1267;522;33
00658.ppm;840;363;878;401;34
00659.ppm;856;394;904;441;4
00660.ppm;990;390;1026;425;4
00661.ppm;735;146;793;211;0
00662.ppm;980;354;1002;376;8
00663.ppm;1033;305;1097;368;4
00664.ppm;1263;336;1325;397;0
00665.ppm;1154;391;1206;443;32
00666.ppm;1065;386;1109;428;34
00667.ppm;1087;383;1131;405;7
00668.ppm;1145;363;1169;388;34
00669.ppm;694;202;744;258;5
00670.ppm;1037;421;1070;453;8
00671.ppm;1096;354;1141;399;35
00672.ppm;1169;217;1494;536;14
00673.ppm;897;353;966;420;34
00674.ppm;755;387;815;447;33
00675.ppm;986;241;1033;291;35
00676.ppm;1178;335;1268;427;35
00677.ppm;1013;411;1066;465;5
00678.ppm;1177;308;1305;436;32
00679.ppm;835;334;861;361;35
00680.ppm;1469;281;1519;331;2
00681.ppm;1187;384;1234;431;32
00682.ppm;1077;372;1120;414;4
00683.ppm;1125;345;1302;522;7
00684.ppm;808;480;851;523;0
00684.ppm;1091;476;1136;523;2
00684.ppm;1377;472;1428;522;1
00685.ppm;965;300;1000;339;4
00686.ppm;1041;347;1075;379;32
00687.ppm;993;443;1025;475;33
00688.ppm;1073;320;1133;380;8
00689.ppm;607;320;659;376;32
00690.ppm;1256;314;1322;386;14
00691.ppm;786;428;827;469;35
00692.ppm;1078;474;1119;516;7
00693.ppm;1314;408;1392;489;8
00694.ppm;1240;359;1274;392;34
00695.ppm;970;426;1004;462;0
00696.ppm;1048;423;1114;486;8
00697.ppm;633;278;699;353;14
00698.ppm;822;289;859;326;33
00699.ppm;1018;319;1040;341;35
00700.ppm;1098;353;1202;463;5
00701.ppm;763;289;791;317;4
00702.ppm;1039;358;1086;403;32
00703.ppm;1232;328;1262;358;1
00704.ppm;1003;399;1033;429;35
00705.ppm;768;281;795;309;4
00706.ppm;1126;257;1203;337;32
00707.ppm;1150;358;1207;414;7
00708.ppm;1235;389;1270;424;32
00709.ppm;774;210;958;396;32
00710.ppm;1026;412;1148;533;34
00711.ppm;1098;405;1159;465;14
00712.ppm;973;364;1057;448;14
00713.ppm;880;375;917;412;1
00714.ppm;1086;279;1113;308;32
00715.ppm;910;351;943;384;5
00716.ppm;1037;370;1059;392;8
00717.ppm;1093;332;1139;380;1
00718.ppm;1137;430;1173;476;8
00719.ppm;767;322;806;363;2
00720.ppm;958;334;1079;454;33
00721.ppm;1236;409;1280;457;8
00722.ppm;805;240;839;376;3
00723.ppm;1015;420;1050;455;3
00724.ppm;1132;345;1162;374;3
00725.ppm;940;333;962;355;35
00726.ppm;1133;385;1188;440;8
00727.ppm;1058;201;1108;255;34
00729.ppm;82;450;145;508;7
00730.ppm;1268;555;1299;586;8
00730.ppm;443;543;474;574;8
00733.ppm;167;511;206;550;4
00733.ppm;846;501;881;535;4
00737.ppm;809;507;841;539;4
00737.ppm;310;512;343;546;4
00738.ppm;917;553;938;574;4
00739.ppm;839;488;872;521;4
00741.ppm;1132;561;1169;598;5
00741.ppm;478;546;513;581;5
00743.ppm;890;572;918;600;8
00743.ppm;386;571;413;600;8
00744.ppm;437;558;463;584;32
00744.ppm;876;541;904;569;32
00749.ppm;782;443;808;469;4
00751.ppm;974;374;1034;434;4
00752.ppm;821;464;845;488;2
00753.ppm;1037;377;1102;443;2
00754.ppm;857;404;895;442;2
00756.ppm;998;276;1085;363;32
00758.ppm;1219;315;1285;385;4
00759.ppm;799;478;834;512;4
00760.ppm;101;379;147;424;1
00762.ppm;525;371;570;416;2
00766.ppm;914;374;953;414;1
00768.ppm;1105;353;1176;424;4
00773.ppm;1034;311;1090;367;1
00779.ppm;800;404;851;456;1
00781.ppm;786;418;808;441;35
00787.ppm;993;430;1033;470;2
00789.ppm;1138;401;1169;430;2
00792.ppm;849;437;880;468;4
00793.ppm;557;471;579;493;4
00795.ppm;737;444;764;471;4
00796.ppm;1083;254;1172;340;2
00797.ppm;899;393;949;444;4
00798.ppm;997;306;1064;373;4
00799.ppm;846;393;883;430;2
00802.ppm;717;371;751;405;1
00807.ppm;720;409;759;450;33
00807.ppm;705;343;768;406;14
00808.ppm;900;394;953;448;1
00808.ppm;367;439;395;467;35
00809.ppm;820;434;846;460;1
00810.ppm;278;426;319;467;35
00810.ppm;885;421;930;466;35
00814.ppm;377;437;412;474;5
00816.ppm;850;410;886;446;14
00816.ppm;401;428;434;461;14
00818.ppm;775;506;799;529;4
00819.ppm;885;492;907;514;4
00819.ppm;469;490;490;512;4
00821.ppm;984;383;1024;423;3
00826.ppm;737;413;765;442;1
00827.ppm;727;413;756;443;1
00829.ppm;1042;396;1088;442;2
00831.ppm;1001;360;1042;401;1
00832.ppm;766;411;793;438;2
00833.ppm;955;343;991;378;1
00834.ppm;866;371;899;402;1
00835.ppm;907;383;943;419;4
00838.ppm;1084;201;1164;283;2
00842.ppm;784;313;828;357;1
00844.ppm;820;335;869;386;4
00845.ppm;835;435;859;459;4
00847.ppm;933;390;969;427;2
00848.ppm;737;429;756;448;2
00851.ppm;696;424;717;446;4
00857.ppm;536;489;570;523;3
00858.ppm;466;443;512;490;3
00858.ppm;1053;517;1083;547;3
00861.ppm;508;426;543;462;4
00861.ppm;937;523;965;551;4
00862.ppm;1090;450;1166;528;3
00868.ppm;1163;510;1213;560;5
00868.ppm;489;513;534;558;5
00870.ppm;334;562;368;596;7
00870.ppm;960;554;995;587;7
00874.ppm;1135;492;1181;537;8
00874.ppm;235;469;281;515;8
00877.ppm;301;551;346;596;5
00877.ppm;1153;546;1200;593;5
00880.ppm;934;448;979;494;1
00883.ppm;852;518;883;549;1
00886.ppm;982;521;1014;553;8
00886.ppm;374;515;406;547;8
00888.ppm;591;538;616;563;8
00888.ppm;1023;542;1049;569;8
00901.ppm;879;514;903;538;1
00902.ppm;929;516;961;548;1
00903.ppm;884;483;930;529;1
00904.ppm;861;505;893;537;1
00905.ppm;834;526;858;550;1
00908.ppm;1165;572;1227;636;3
00908.ppm;380;557;444;621;3
00913.ppm;510;435;542;467;34
00913.ppm;1003;469;1035;501;34
00917.ppm;759;516;787;545;14
00919.ppm;985;412;1062;489;4
00925.ppm;396;494;423;522;34
00926.ppm;786;545;806;565;2
00930.ppm;610;267;683;336;1
00931.ppm;771;232;835;295;1
00934.ppm;807;407;832;432;1
00937.ppm;689;359;720;392;14
00941.ppm;928;250;1010;333;33
00949.ppm;859;444;882;466;5
00949.ppm;333;442;356;466;5
00953.ppm;1083;378;1108;404;1
00955.ppm;921;442;960;485;14
00957.ppm;553;399;576;422;1
00959.ppm;975;371;1014;410;1
00961.ppm;776;332;822;378;1
00962.ppm;1130;264;1187;325;1
00966.ppm;1068;382;1097;411;2
00966.ppm;443;419;470;446;2
00967.ppm;1234;297;1279;342;2
00967.ppm;303;365;346;409;2
00970.ppm;1025;227;1086;288;14
00974.ppm;374;383;409;418;2
00974.ppm;1091;348;1128;385;2
00976.ppm;982;241;1054;313;1
00977.ppm;398;359;441;412;14
00977.ppm;400;412;435;447;33
00978.ppm;973;373;1005;405;1
00979.ppm;1092;312;1147;367;1
00982.ppm;1182;254;1255;327;2
00985.ppm;852;433;875;456;14
00988.ppm;1077;144;1168;231;2
00990.ppm;285;425;362;501;7
00993.ppm;342;186;429;273;14
00998.ppm;569;456;590;477;5
00998.ppm;1030;441;1050;461;5
00999.ppm;375;407;411;443;5
00999.ppm;1273;381;1313;421;5
001004.ppm;466;469;491;494;3
001004.ppm;776;477;796;497;3
001007.ppm;301;535;341;575;32
001007.ppm;988;506;1029;547;32
001009.ppm;1131;561;1168;598;5
001009.ppm;478;546;513;581;5
001010.ppm;244;546;317;617;5
001012.ppm;855;477;890;512;4
001014.ppm;815;517;838;540;4
001016.ppm;989;315;1043;370;35
001017.ppm;689;530;713;554;4
001019.ppm;747;551;767;571;4
001019.ppm;473;556;493;576;4
001022.ppm;389;527;417;555;4
001022.ppm;1093;529;1132;568;4
001023.ppm;193;482;238;527;4
001023.ppm;966;418;1014;466;4
001026.ppm;323;504;355;536;4
001026.ppm;817;510;849;542;4